14.03433297 25.20959555
6.80714716 40.60334143
29.22700749 22.50323869
14.35068646 50.18947982
64.22281732 84.05743840
59.52483313 91.09811712
35.25277302 48.59736975
36.20615555 44.93802234
28.02777839 45.87544333
28.85357874 18.58178818
34.28331769 47.72844925
25.18369718 51.56136151
14.72558255 42.75345399
28.88497282 40.28745238
31.48272894 29.28199611
30.35169495 46.13140512
31.59145790 53.74392515
24.81960918 21.76762929
50.76181336 88.22792244
54.78471788 84.74947819
29.10039290 13.53356889
16.73574321 20.07824207
24.17043975 9.32010588
8.93748503 46.60341225
62.64774028 76.82046235
31.92338562 47.88001113
42.87447791 45.15348843
30.17381513 30.50704012
4.59152401 45.61092720
48.13613325 86.35212900
52.70530469 86.15873404
23.34656213 17.75546519
50.64807383 86.08798093
6.88199384 44.99021572
25.68136819 22.12515716
50.33887072 97.72794988
28.80313369 14.84835438
31.54703381 45.56539653
5.95495227 38.16318990
30.63398048 20.60051843
17.53279375 21.38964508
33.30617298 52.35783272
39.39973339 52.72897426
10.40533047 42.15275800
28.51202186 13.00882149
60.81841086 82.17046723
27.28640835 11.94667128
4.30926510 43.82544666
26.33908862 11.01098666
59.52073937 84.48911088
0.00000000 38.91124133
63.74918861 92.43276274
53.00911230 91.25334467
9.08526460 44.00645194
30.17415483 44.88602216
22.65822321 4.75670417
56.27916185 86.90912234
56.17403495 86.33593204
17.70434001 23.13244575
5.55467743 48.54417276
40.99340352 35.97322491
48.36957256 94.67628142
10.76760884 41.30081397
9.15066440 42.38491340
29.03127741 45.27784672
33.45444478 20.20556309
21.69794862 48.28567365
10.90361785 40.06104330
28.17262400 43.09913391
54.73683659 91.54562279
6.13007080 41.96475857
18.28575780 19.26604952
22.90280127 18.50405078
25.65510661 57.43030319
9.63698503 46.65340087
53.43283698 83.35308115
6.33983493 46.33489908
27.33593312 19.08953841
32.57696824 44.75698433
59.32323997 75.47551972
10.29388587 45.02896717
20.22271939 33.94131666
23.37803801 14.95761155
9.80439458 30.45521813
32.14378301 48.88034206
50.67307890 83.58944160
53.54096450 83.40751750
55.17110628 91.73721406
53.81696408 83.08486777
9.32780950 45.96738536
48.27657813 89.60452391
32.45985561 37.47152011
55.56532447 100.00000000
12.72021700 46.90947093
8.72456670 48.01475014
24.24887805 14.00354681
31.24702731 45.98073837
25.90699837 40.98384152
3.84273407 48.70218227
26.55449429 51.12967661
