Kluster 0
35.2528 48.5974 
36.2062 44.938 
28.0278 45.8754 
34.2833 47.7284 
25.1837 51.5614 
28.885 40.2875 
30.3517 46.1314 
31.5915 53.7439 
31.9234 47.88 
42.8745 45.1535 
31.547 45.5654 
33.3062 52.3578 
39.3997 52.729 
30.1742 44.886 
40.9934 35.9732 
29.0313 45.2778 
21.6979 48.2857 
28.1726 43.0991 
25.6551 57.4303 
32.577 44.757 
32.1438 48.8803 
32.4599 37.4715 
31.247 45.9807 
25.907 40.9838 
26.5545 51.1297 
Kluster 1
6.80715 40.6033 
14.3507 50.1895 
14.7256 42.7535 
8.93749 46.6034 
4.59152 45.6109 
6.88199 44.9902 
5.95495 38.1632 
10.4053 42.1528 
4.30927 43.8254 
0 38.9112 
9.08526 44.0065 
5.55468 48.5442 
10.7676 41.3008 
9.15066 42.3849 
10.9036 40.061 
6.13007 41.9648 
9.63699 46.6534 
6.33983 46.3349 
10.2939 45.029 
9.32781 45.9674 
12.7202 46.9095 
8.72457 48.0148 
3.84273 48.7022 
Kluster 2
29.227 22.5032 
28.8536 18.5818 
31.4827 29.282 
24.8196 21.7676 
29.1004 13.5336 
24.1704 9.32011 
30.1738 30.507 
23.3466 17.7555 
25.6814 22.1252 
28.8031 14.8484 
30.634 20.6005 
28.512 13.0088 
27.2864 11.9467 
26.3391 11.011 
22.6582 4.7567 
33.4544 20.2056 
22.9028 18.5041 
27.3359 19.0895 
23.378 14.9576 
24.2489 14.0035 
Kluster 3
14.0343 25.2096 
16.7357 20.0782 
17.5328 21.3896 
17.7043 23.1324 
18.2858 19.266 
20.2227 33.9413 
9.80439 30.4552 
Kluster 4
64.2228 84.0574 
59.5248 91.0981 
50.7618 88.2279 
54.7847 84.7495 
62.6477 76.8205 
48.1361 86.3521 
52.7053 86.1587 
50.6481 86.088 
50.3389 97.7279 
60.8184 82.1705 
59.5207 84.4891 
63.7492 92.4328 
53.0091 91.2533 
56.2792 86.9091 
56.174 86.3359 
48.3696 94.6763 
54.7368 91.5456 
53.4328 83.3531 
59.3232 75.4755 
50.6731 83.5894 
53.541 83.4075 
55.1711 91.7372 
53.817 83.0849 
48.2766 89.6045 
55.5653 100 
